[bacteria.jpg]
filters=crop64=1,41e1fffff541;
crop=rect64(41e1fffff541)
moddate=194f4bab9d93d001
width=1000
height=715
text=1;140;17;© Stewart Dowden;Bell MT;0.853093,0.911591,0.023357,0.000000;v1,4293454056,4293454056,128.000000,1.000000,0.000000,1.000000,400,0,49152;;
textactive=1
